image: map.jpg
resolution: 0.050000
origin: [-156.846460, -54.874117, 0]
negate: 0
occupied_thresh: 0.65
free_thresh: 0.196

